33
0 0 600 0 
350 0 600 0  
50 100 200 100 
350 0 600 0 
300 600 600 600 
50 100 200 100 
150 150 350 150 
300 50 400 50 
50 50 100 50 
200 50 250 50 
250 100 450 100 
450 150 500 150 
500 100 600 100 
0 200 200 200 
100 250 150 250 
100 300 250 300 
150 350 200 350 
200 400 250 400 
200 500 250 500 
100 400 150 400 
150 450 200 450 
0 450 50 450 
50 500 150 500 
300 400 350 400 
200 550 350 550 
300 450 550 450 
250 250 300 250 
450 550 550 550 
550 400 600 400 
350 200 550 200 
400 400 450 400 
450 250 500 250  
0 600 600 600
39
0 0 0 600 
50 150 50 50 
150 0 150 100 
300 150 300 200 
600 0 600 600 
0 0 0 600 
50 50 50 150 
150 0 150 100 
300 0 300 50 
250 50 250 100 
450 0 450 100 
550 0 550 50 
500 50 500 150 
100 150 100 200 
50 200 50 300 
200 200 200 300 
100 250 100 400 
200 350 200 400 
250 300 250 500 
150 400 150 550 
50 350 50 450 
100 450 100 500 
50 500 50 550 
100 550 100 600 
200 200 200 300 
300 250 300 400 
350 400 350 450 
300 450 300 550 
350 500 350 550 
250 200 250 250 
400 500 400 600 
450 450 450 550 
500 300 500 500 
550 500 550 550 
350 200 350 350 
400 100 400 400 
450 250 450 400 
550 150 550 350
600 0 600 600 
